0 0 0 5 0 2 0 5 0 6 05 04 0 80 5 05 5 08 80 02 02 06  06 0 8 80 4 0 23 05  0 1
0 5 05 5 4 1  3 322 21  5 0  4 05 02 01  200 5 05 087 8 05  02 20 41 5  0 0 1
08 08 50 5 0 08 08 5 55 06 3 002 1 05 05 0 880 05 5  0 1
08 0 05 5 5 0  4  0 1
5 5 083 00 080 2 1 05 05 0 880 05 5  505  0 1
08 0 05 5 5 0  4  0 1
5 5 083 00102  1 05 05 0 880 05 5  50507 507  0 1
08 0 0501 580 8 5 0  4 01 70 50 0 1
3 002 1 05 05 0 880 05 5 5 0 0 1
08 0 05 5 5 0  4 0 0 1
5 0 08 08 5 55 06 3 002 1 05 05 0 8870 50 05 5  0 1
08 0 05 5 5 0 80 0 10 780 501 4 1010 0 1
5 5 083 002 0055 1 05 05 0 880 05 70 0  0 1
08 0 05 5 00 5010 0105 0  4  0 1
5 5 083 002 1 05 05 0 880 05 5  0 1
08 0 05 5 5 0 505 0  4  0 1
 5 07  07 0  5 00 5 0  0 1
05 0 507 70 570  790 0 1